>AT1G01060	
A |	855	0	1000	0	997	0	5	85	287	189
C |	2	0	0	0	3	13	0	10	77	240
G |	52	1000	0	0	0	8	5	0	57	195
T |	92	0	0	1000	0	978	990	905	579	376
>AT1G02230	
A |	0	0	0	239	23	132	80	261	543	0	1000	1000	0	64
C |	1000	0	0	371	258	171	473	212	95	602	0	0	0	242
G |	0	0	0	368	5	149	92	159	326	32	0	0	1000	77
T |	0	1000	1000	22	714	548	355	368	35	366	0	0	0	617
>AT1G06180	
A |	297	297	314	319	155	161	2	0	432	0	0	0	200	439	437
C |	118	158	111	71	114	0	0	0	0	0	0	0	12	50	116
G |	329	234	277	321	264	839	798	0	10	1000	918	7	785	439	311
T |	255	311	297	289	467	0	200	1000	558	0	82	993	3	72	136
>AT1G06850	
A |	346	85	0	516	0	1000	2	5	0	102	194	164	312	412
C |	114	114	0	484	1000	0	0	800	331	130	0	197	341	170
G |	182	77	915	0	0	0	998	142	7	404	554	232	109	127
T |	359	725	85	0	0	0	0	53	663	364	252	407	239	290
>AT1G08320	
A |	86	537	14	0	998	0	19	2	27	958	22
C |	86	334	0	0	0	926	0	0	932	0	404
G |	812	128	2	889	2	0	981	0	41	42	128
T |	15	0	985	111	0	74	0	998	0	0	446
>AT1G09530	
A |	398	110	36	0	1000	0	0	0	0	491
C |	49	249	757	1000	0	776	0	0	0	63
G |	281	421	178	0	0	0	1000	0	1000	260
T |	271	220	28	0	0	224	0	1000	0	186
>AT1G09540	
A |	155	168	0	997	341	0	378	992	197	12	479	254	311	318	254
C |	355	415	603	2	659	1000	222	0	803	864	94	397	353	257	388
G |	82	128	0	0	0	0	0	8	0	0	210	126	91	158	97
T |	408	289	397	2	0	0	400	0	0	124	217	224	245	267	261
>AT1G12260	
A |	68	0	0	518	513	510	432	372	430	58	998	540	2	25	748
C |	932	0	0	65	168	120	158	210	98	500	2	460	0	763	43
G |	0	572	0	402	120	190	188	95	147	153	0	0	947	10	2
T |	0	428	1000	15	198	180	222	323	325	288	0	0	52	202	207
>AT1G13260	
A |	342	466	166	486	119	385	386	266	168	137	190	0	0	19	14	15	124
C |	464	0	178	42	71	31	76	58	159	37	469	14	0	46	19	14	269
G |	156	186	485	331	124	324	186	51	19	32	41	0	1000	8	54	861	273
T |	37	347	171	141	686	261	351	625	654	793	300	986	0	927	914	110	334
>AT1G13450	
A |	460	346	37	108	950	991	2	0	586	57	403	206	25	50	641	657	439	423	192
C |	256	265	375	41	7	0	986	732	85	167	7	43	128	199	69	43	178	188	336
G |	112	142	124	9	18	0	0	0	265	89	590	686	18	0	156	117	204	57	126
T |	172	247	465	842	25	9	11	268	64	686	0	64	828	751	135	183	178	332	346
>AT1G14580	
A |	252	252	248	298	240	103	0	0	0	0	0	8	54	8	29	145	269	87	17	157
C |	149	132	178	112	95	62	25	8	25	4	8	979	87	37	132	0	21	368	273	62
G |	132	140	132	116	116	45	21	0	4	992	62	0	636	58	54	25	4	446	17	483
T |	467	475	442	475	550	789	955	992	971	4	930	12	223	897	785	831	707	99	694	298
>AT1G14687	
A |	613	602	352	23	98	323	848	0	417	715	30
C |	57	32	137	865	0	395	0	0	25	7	32
G |	37	33	78	33	888	3	152	0	40	0	18
T |	293	333	433	78	13	278	0	1000	518	278	920
>AT1G16490	
A |	302	317	222	240	3	0	307	2	0	0	278	437	573	330	240
C |	110	45	80	0	0	2	3	0	0	2	7	73	85	233	318
G |	282	402	298	753	690	0	2	998	882	2	713	365	245	245	200
T |	307	237	400	7	307	998	688	0	118	997	2	125	97	192	242
>AT1G18330	
A |	422	705	995	1000	1000	0	1000	0	0	37	258	497
C |	156	15	0	0	0	0	0	0	1000	77	168	171
G |	275	27	0	0	0	0	0	0	0	5	111	181
T |	147	253	5	0	0	1000	0	1000	0	881	464	151
>AT1G19000	
A |	454	533	471	55	48	0	1000	0	968	925	137	287	269	282
C |	37	15	45	135	0	0	0	0	13	0	93	102	144	119
G |	122	47	227	2	952	1000	0	0	8	55	564	533	80	144
T |	387	406	257	808	0	0	0	1000	10	20	205	78	508	456
>AT1G20980	
A |	214	39	0	0	0	1000	0	518	410	281	254
C |	12	916	1000	0	0	0	997	149	180	178	148
G |	127	0	0	1000	0	0	0	221	194	142	178
T |	647	45	0	0	1000	0	3	111	216	398	420
>AT1G22070	
A |	304	485	5	0	1000	0	43	0	119	992	0	65	512	261
C |	115	102	5	10	0	965	2	2	881	0	139	747	87	112
G |	316	388	0	975	0	0	955	0	0	2	360	85	174	145
T |	264	25	990	15	0	35	0	998	0	7	502	102	227	482
>AT1G22640	
A |	285	59	20	0	929	0	0	0	650	273	311
C |	176	59	20	0	0	0	0	0	74	191	230
G |	279	823	771	0	0	1000	1000	0	202	345	230
T |	260	59	188	1000	71	0	0	1000	74	191	230
>AT1G24260	
A |	249	0	646	643	936	798	785	411	276	0	609	640	751
C |	687	764	135	64	0	24	10	54	0	0	148	125	125
G |	64	0	67	67	0	0	118	67	724	1000	128	94	71
T |	0	236	152	226	64	178	88	468	0	0	114	141	54
>AT1G27730	
A |	38	718	57	220	263	268	0	1000	0	50	288
C |	670	0	542	170	258	255	810	0	740	22	263
G |	23	25	262	0	213	2	0	0	260	0	222
T |	268	257	140	610	265	475	190	0	0	928	227
>AT1G28370	
A |	131	198	319	82	89	139	7	18	42	0	0	65	12	190	529
C |	510	530	131	547	841	5	879	980	0	963	1000	0	589	592	34
G |	134	64	242	124	7	535	91	2	958	15	0	908	13	40	230
T |	225	208	309	247	64	320	23	0	0	22	0	27	386	178	208
>AT1G28470	
A |	535	341	40	0	0	268	420	266	157	331	503	22	1000	701	0
C |	17	30	943	0	0	114	89	206	219	216	47	513	0	299	0
G |	132	590	0	649	0	619	40	274	463	241	127	371	0	0	995
T |	316	38	17	351	1000	0	452	254	161	212	323	94	0	0	5
>AT1G29280	
A |	428	633	697	763	0	0	0	1000	998	60	83
C |	203	72	42	10	0	2	1000	0	0	903	63
G |	165	140	57	212	1000	0	0	0	0	0	698
T |	203	155	205	15	0	998	0	0	2	37	155
>AT1G29860	
A |	584	794	853	923	0	0	0	1000	1000	263	214
C |	172	54	22	3	0	0	1000	0	0	682	137
G |	115	60	33	67	1000	0	0	0	0	7	492
T |	129	92	92	7	0	1000	0	0	0	48	157
>AT1G30210	
A |	258	190	125	20	0	0	887	0	0	955	27	328
C |	136	182	168	19	0	0	40	1000	1000	0	943	323
G |	360	158	330	931	998	1000	44	0	0	45	15	67
T |	246	470	377	30	2	0	29	0	0	0	15	281
>AT1G30650	
A |	478	712	759	851	0	0	0	1000	1000	60	89	281	241
C |	214	64	37	2	0	0	1000	0	0	918	90	276	263
G |	130	85	40	140	1000	0	0	0	0	0	664	237	127
T |	177	139	164	7	0	1000	0	0	0	22	157	206	370
>AT1G32150	
A |	85	3	177	0	1000	2	3	0	97	545	155	257	475	285	262
C |	210	0	822	997	0	982	7	0	510	2	268	573	127	203	318
G |	70	837	2	0	0	7	990	2	390	238	353	47	113	137	110
T |	635	160	0	3	0	10	0	998	3	215	223	123	285	375	310
>AT1G32240	
A |	346	210	271	435	140	640	794	0	1000	0	9	14	33	112	215
C |	243	201	206	206	112	84	0	0	0	0	0	981	224	257	187
G |	75	65	112	229	528	37	0	0	0	0	0	0	0	56	56
T |	336	523	411	131	220	238	206	1000	0	1000	991	5	743	575	542
>AT1G32640	
A |	250	90	970	0	150	10	0	50
C |	100	910	0	850	0	20	0	600
G |	600	0	20	0	850	0	910	100
T |	50	0	10	150	0	970	90	250
>AT1G32870	
A |	0	0	0	23	222	282	227	574	528	47	1000	846	0	174	586	888
C |	998	0	0	0	252	189	182	117	67	821	0	150	0	274	202	15
G |	0	220	0	977	326	351	437	192	331	110	0	3	990	234	20	22
T |	2	780	1000	0	200	179	154	117	75	22	0	0	10	319	192	75
>AT1G33240	
A |	646	205	342	0	0	860	1000	958	718	613
C |	60	447	83	0	0	0	0	12	0	43
G |	189	62	523	1000	0	0	0	0	0	110
T |	105	285	52	0	1000	140	0	30	282	234
>AT1G34180	
A |	0	0	0	32	199	427	149	402	420	5	1000	534	3	92	595
C |	998	0	0	0	312	134	152	271	146	874	0	466	0	337	211
G |	0	437	0	968	303	256	472	218	201	85	0	0	966	273	2
T |	2	563	1000	0	186	183	226	109	233	35	0	0	30	298	193
>AT1G34190	
A |	424	273	243	28	37	313	0	0	0	5	117	271	219	365	392	2	1000	623	0
C |	199	122	173	0	2	209	1000	0	0	7	255	166	266	273	183	963	0	377	0
G |	134	343	323	0	40	141	0	216	0	988	268	236	323	189	238	3	0	0	977
T |	243	261	261	972	921	337	0	784	1000	0	360	327	191	173	188	32	0	0	23
>AT1G34370	
A |	646	124	0	57	173	121	449	2	74	682	155	532	216	542	382
C |	81	791	924	71	249	760	487	817	699	7	57	55	59	136	244
G |	190	50	2	138	226	45	10	0	36	268	703	123	17	271	126
T |	83	35	74	734	352	74	54	181	190	43	85	290	708	50	249
>AT1G34670	
A |	233	262	183	242	247	310	369	391	339	0	2	513	0	22	7	260	529	540	275	299	445
C |	79	114	94	60	116	40	42	47	0	0	2	5	0	8	8	81	82	124	413	292	67
G |	287	248	409	349	257	297	331	210	604	586	0	91	1000	703	0	599	267	263	176	122	190
T |	401	376	314	349	381	352	258	352	57	414	997	391	0	267	985	60	122	72	136	287	299
>AT1G46264	
A |	700	0	985	965	120	190	110	15	0	25	815	0	980	920	230
C |	55	5	0	5	155	510	25	10	985	130	15	0	0	0	145
G |	205	995	5	15	630	170	10	20	15	45	170	1000	0	35	495
T |	40	0	10	15	95	130	855	955	0	800	0	0	20	45	130
>AT1G49010	
A |	316	332	270	543	551	23	149	30	40	998	0	0	135	406	324
C |	254	172	187	109	33	536	715	20	90	0	0	1000	466	82	337
G |	140	104	105	90	52	52	112	0	0	0	0	0	7	78	40
T |	290	392	437	259	364	389	25	950	870	2	1000	0	392	434	299
>AT1G49720	
A |	0	182	432	0	977	0	0	0	0	0	0	386	136	295	455	273	295	227	295
C |	91	45	364	795	0	1000	0	0	0	0	1000	318	545	136	250	432	273	136	205
G |	727	636	0	182	23	0	1000	0	1000	864	0	205	205	477	250	295	386	523	455
T |	182	136	205	23	0	0	0	1000	0	136	0	91	114	91	45	0	45	114	45
>AT1G49950	
A |	303	35	0	1000	0	0	0	0	0
C |	95	195	0	0	0	0	0	473	124
G |	208	11	0	0	1000	1000	349	0	684
T |	395	759	1000	0	0	0	651	527	192
>AT1G50640	
A |	210	174	399	13	0	7	0	2	45	310	59	258	302	193	228
C |	252	29	3	955	0	15	940	0	101	559	30	106	275	76	106
G |	25	621	581	0	1000	977	0	953	844	15	842	534	112	508	535
T |	513	176	17	32	0	2	60	45	10	116	69	102	310	223	131
>AT1G51220	
A |	361	666	110	56	13	235	57	889	0	553	736	215	729	470	494
C |	126	97	756	934	156	81	251	27	74	205	27	404	54	31	142
G |	81	210	117	0	86	521	675	54	698	65	129	187	145	14	269
T |	433	27	18	11	745	163	16	31	228	178	108	194	72	485	95
>AT1G52150	
A |	449	615	454	359	337	22	878	1000	0	46	1000	0	17	837	164
C |	73	53	59	107	78	164	2	0	0	139	0	0	0	2	420
G |	268	142	102	222	558	0	115	0	0	783	0	0	369	147	107
T |	210	190	385	312	27	814	5	0	1000	32	0	1000	614	14	308
>AT1G53170	
A |	212	114	177	295	92	93	143	17	2	24	0	3	138	53	253
C |	183	514	603	109	570	835	0	925	997	0	942	997	0	533	465
G |	299	121	39	265	98	12	593	54	2	968	0	0	862	56	66
T |	306	251	182	331	239	59	265	3	0	8	58	0	0	358	216
>AT1G53230	
A |	284	210	100	3	0	0	864	0	0	935	2	369	337
C |	119	163	153	3	0	0	88	1000	1000	0	964	265	127
G |	359	132	318	967	1000	1000	0	0	0	65	10	88	179
T |	239	495	430	26	0	0	48	0	0	0	24	278	357
>AT1G54330	
A |	20	143	280	0	0	0	50	200	243	237	267	545	0	1000	432	3	105	402	820	167	88
C |	0	8	138	1000	0	0	172	193	192	310	278	50	828	0	567	2	293	177	2	423	610
G |	0	147	333	0	258	0	750	57	228	175	140	202	32	0	0	963	73	0	0	90	118
T |	980	702	248	0	742	1000	28	550	337	278	315	203	140	0	2	32	528	422	178	320	183
>AT1G59640	
A |	232	442	163	229	276	212	257	0	1000	0	81	0	0	139	190	319	314	261	170	422	165
C |	301	74	205	168	195	220	239	1000	0	976	0	0	0	281	306	237	203	160	432	170	435
G |	361	91	343	387	139	388	326	0	0	0	919	0	1000	303	274	158	163	146	245	139	193
T |	106	393	289	217	390	180	178	0	0	24	0	1000	0	277	230	286	319	434	153	269	207
>AT1G62300	
A |	144	4	0	0	0	1000	0	0	270	260	204	239	207	263	354	386	221	305	274
C |	684	0	0	0	0	0	1000	298	133	81	144	102	270	147	81	144	284	277	295
G |	74	919	0	0	1000	0	0	0	130	151	312	295	67	154	288	172	228	137	119
T |	98	77	1000	1000	0	0	0	702	467	509	340	365	456	435	277	298	267	281	312
>AT1G65620	
A |	173	223	207	103	75	116	5	5	64	66	289	321	166	162	148	123	52	11	7	77	173
C |	344	503	107	620	825	32	847	986	0	531	371	36	353	437	125	679	927	2	654	797	18
G |	125	59	280	41	23	626	148	5	813	116	118	232	50	23	251	41	0	936	303	36	727
T |	358	214	405	237	77	226	0	5	123	287	221	410	431	378	476	157	21	50	36	89	82
>AT1G65910	
A |	0	0	0	35	242	227	248	200	361	7	1000	602	0	134	515	849
C |	1000	0	0	315	193	203	332	317	99	733	0	398	0	309	154	0
G |	0	136	0	591	91	260	158	112	267	121	0	0	980	86	0	2
T |	0	864	1000	59	475	310	262	371	273	139	0	0	20	471	331	149
>AT1G69010	
A |	0	998	0	5	2	0	500	92	328	223	232	110	553	98	225
C |	1000	0	993	0	0	0	332	480	195	277	188	658	143	622	183
G |	0	2	0	995	0	1000	62	218	143	145	287	88	210	72	513
T |	0	0	7	0	998	0	107	210	333	355	293	143	93	208	78
>AT1G69120	
A |	225	33	773	719	965	733	632	125	78	45	666	790
C |	694	622	15	14	8	4	35	42	15	13	36	73
G |	10	10	64	27	8	4	147	147	890	862	132	81
T |	71	335	148	240	19	259	186	686	17	80	166	56
>AT1G69690	
A |	293	198	69	0	2	0	86	286	0	21	131	769	76
C |	121	95	22	78	0	0	3	447	1000	979	641	78	617
G |	147	371	909	0	998	1000	872	53	0	0	40	98	84
T |	440	336	0	922	0	0	38	214	0	0	188	55	222
>AT1G72010	
A |	382	277	20	0	2	0	96	289	0	2	76	741	86
C |	156	146	3	42	0	0	5	382	1000	998	738	42	539
G |	183	188	976	0	998	1000	862	97	0	0	15	146	118
T |	279	388	0	958	0	0	37	232	0	0	171	71	257
>AT1G72740	
A |	213	237	203	735	969	969	34	0	0	0	993	832	474	31	127
C |	529	546	158	10	10	0	966	1000	1000	0	0	0	141	443	540
G |	79	117	175	76	7	31	0	0	0	0	3	168	7	55	93
T |	179	100	464	179	14	0	0	0	0	1000	3	0	378	471	241
>AT1G74480	
A |	247	206	184	610	0	3	129	15	15	22	528	240	181	0	70	19	20	157	227
C |	210	286	2	135	995	194	264	17	51	763	68	111	687	0	165	952	726	370	358
G |	351	124	797	65	0	453	201	0	0	148	397	244	31	15	15	9	7	90	155
T |	193	383	17	191	5	349	405	968	934	66	7	405	102	985	750	20	247	383	261
>AT1G74840	
A |	500	425	77	65	0	1000	0	963	915	280	347
C |	13	53	153	0	0	0	0	10	0	100	120
G |	23	190	3	935	1000	0	0	8	63	392	380
T |	463	332	767	0	0	0	1000	18	22	228	153
>AT1G75080	
A |	162	7	597	0	974	0	0	9	0	19	362	337	281	180	189	282	240	255	279	163
C |	442	883	58	978	2	1000	0	0	0	471	80	252	287	259	291	245	269	223	259	231
G |	223	7	345	0	7	0	1000	0	1000	66	476	155	194	133	226	124	167	206	145	214
T |	173	104	0	22	17	0	0	991	0	444	82	257	238	429	294	349	325	316	318	391
>AT1G75240	
A |	343	193	275	0	527	985	0	0	998	558	85
C |	203	362	32	37	150	5	0	0	0	32	283
G |	233	175	618	3	323	10	0	0	0	395	230
T |	220	270	75	960	0	0	1000	1000	2	15	402
>AT1G77080	
A |	460	95	1	1	158	1	1	777	269	78	31	127	79	301	95
C |	64	635	46	1	1	997	332	1	47	1	1	222	143	1	1
G |	143	190	1	1	15	1	1	1	1	1	1	16	349	667	650
T |	334	80	952	997	826	1	666	221	683	920	967	635	429	31	254
>AT1G77920	
A |	188	101	496	8	0	1000	0	27	0	7	988	25	216	317	233	219	174
C |	208	101	387	2	0	0	958	2	0	980	0	400	382	199	194	276	318
G |	141	683	117	0	868	0	0	972	0	13	8	107	94	151	184	104	151
T |	464	116	0	990	132	0	42	0	1000	0	3	467	308	333	389	400	357
>AT1G78700	
A |	0	263	0	1000	0	0	3	0	22	152	319
C |	542	2	1000	0	1000	0	0	0	221	147	199
G |	7	736	0	0	0	1000	0	1000	109	610	326
T |	452	0	0	0	0	0	997	0	649	90	156
>AT1G79180	
A |	209	314	320	245	305	293	202	160	73	0	993	76	0	669	993	155	13	341	174	322	325
C |	398	233	282	344	218	266	388	334	470	804	7	921	1000	7	0	831	762	465	673	341	273
G |	130	185	155	84	145	164	125	101	35	5	0	3	0	15	7	0	0	74	12	105	150
T |	263	268	243	327	332	277	285	405	422	191	0	0	0	309	0	13	224	120	142	233	251
>AT1G79580	
A |	170	278	155	415	462	87	0	0	400	353	435	323	275	353	65	990	713	0	145	660	917
C |	112	68	5	12	23	898	0	0	57	208	103	157	250	100	530	10	285	3	445	103	0
G |	553	523	5	162	480	0	697	0	537	140	262	237	90	158	212	0	2	963	142	42	7
T |	165	130	835	412	35	15	303	1000	7	298	200	283	385	388	193	0	0	33	268	195	77
>AT1G80840	
A |	320	290	102	118	10	0	0	995	0	0	180	112	110	230	248
C |	115	227	485	148	0	0	0	0	1000	208	32	62	150	218	272
G |	288	208	128	465	0	0	998	5	0	0	67	162	215	137	163
T |	277	275	285	268	990	1000	2	0	0	792	722	665	525	415	317
>AT2G01570	
A |	326	704	209	717	596	643	630	639	170	939	57	870	783	865	630	378	361	543	417	439
C |	270	57	200	0	78	83	83	165	0	61	635	48	39	22	70	130	243	113	113	109
G |	287	183	552	148	209	230	278	135	800	0	278	83	170	83	261	330	191	217	361	257
T |	117	57	39	135	117	43	9	61	30	0	30	0	9	30	39	161	204	126	109	196
>AT2G01760	
A |	945	2	991	2	506	1	10	83
C |	5	1	1	3	154	960	5	484
G |	26	984	3	2	1	1	959	401
T |	24	13	5	993	339	38	26	32
>AT2G01930	
A |	152	896	15	929	124	928	80	887	72	965	50	961	115	853	100	900	76	942	132	887	135	835	87	809
C |	33	7	28	0	17	0	32	6	0	11	4	20	17	0	0	0	19	0	4	22	35	28	37	41
G |	781	54	896	33	831	72	855	82	894	4	942	6	835	104	857	100	866	17	852	65	816	72	792	80
T |	33	43	61	37	28	0	33	26	33	20	4	13	33	43	43	0	39	41	13	26	13	65	83	71
>AT2G01940	
A |	488	572	567	722	517	810	887	55	985	0	987	997	933	713	475
C |	210	95	80	0	27	37	7	0	10	998	2	2	17	57	138
G |	67	267	193	73	45	153	37	943	0	2	12	0	18	35	72
T |	235	67	160	205	412	0	70	2	5	0	0	2	32	195	315
>AT2G02080	
A |	360	726	96	728	863	795	895	315	27	981	0	990	983	926	758	523	447
C |	394	8	423	0	0	49	71	509	0	17	1000	0	5	25	41	120	122
G |	71	237	409	24	0	132	27	132	973	0	0	10	12	39	59	103	103
T |	174	29	71	249	137	24	7	44	0	2	0	0	0	10	142	254	328
>AT2G02450	
A |	3	7	17	263	291	227	189	303	490	64	982	25	0	37	301	925	314	227	179
C |	997	443	102	236	179	261	279	226	104	550	15	801	0	100	569	3	269	363	189
G |	0	341	48	336	147	145	184	137	177	62	3	171	1000	548	0	32	89	109	206
T |	0	209	833	166	383	366	348	334	229	324	0	3	0	314	130	40	328	301	426
>AT2G02540	
A |	313	216	630	255	3	1000	1000	0	479	1000	0	126	219	310
C |	159	436	74	474	946	0	0	0	45	0	0	8	27	157
G |	293	208	121	75	0	0	0	0	44	0	0	84	534	333
T |	235	141	176	196	50	0	0	1000	432	0	1000	782	219	199
>AT2G02820	
A |	298	271	205	360	138	795	35	0	0	0	0	8	269	168	182
C |	254	301	365	293	512	187	918	0	1000	0	990	811	103	498	465
G |	170	190	146	99	160	19	47	1000	0	507	0	8	205	118	103
T |	278	237	283	247	190	0	0	0	0	493	10	172	423	215	251
>AT2G03340	
A |	543	676	645	781	0	0	0	1000	1000	301	177
C |	221	125	104	0	0	0	998	0	0	666	115
G |	105	57	43	219	1000	0	0	0	0	2	580
T |	130	142	207	0	0	1000	2	0	0	32	127
>AT2G03500	
A |	527	0	907	1000	0	817	2	158	47	230	343
C |	10	0	0	0	0	183	2	117	882	263	132
G |	382	1000	7	0	0	0	0	57	20	248	277
T |	82	0	87	0	1000	0	997	668	52	258	248
>AT2G04038	
A |	15	185	0	1000	2	9	0	79	956	11	117	616	287	269
C |	9	815	998	0	991	2	2	921	0	53	848	75	170	320
G |	724	0	0	0	0	989	0	0	35	704	7	73	159	102
T |	252	0	2	0	7	0	998	0	9	232	29	236	384	309
>AT2G06200	
A |	233	295	362	394	383	252	178	5	3	3	2	998	0	804
C |	258	186	131	154	196	196	126	186	2	0	998	0	0	2
G |	273	225	267	232	158	124	421	0	995	3	0	0	998	81
T |	235	294	240	220	263	428	275	809	0	993	0	2	2	114
>AT2G15740	
A |	578	492	0	12	610	197	203	543	97	67	537
C |	13	40	998	0	2	282	35	83	798	37	27
G |	337	67	0	988	280	0	565	187	10	875	152
T |	72	402	2	0	108	522	197	187	95	22	285
>AT2G17950	
A |	136	37	1000	395	49	0	926	358	111	0	864
C |	148	963	0	0	0	975	0	25	25	679	12
G |	0	0	0	136	0	12	0	25	25	37	37
T |	716	0	0	469	951	12	74	593	840	284	86
>AT2G18350	
A |	613	595	433	298	362	20	685	975	0	0	997	657	125	278	477
C |	75	105	127	255	58	22	23	0	0	0	0	12	180	122	88
G |	48	90	147	127	403	3	292	22	0	0	3	320	237	267	158
T |	263	210	293	320	177	955	0	3	1000	1000	0	12	458	333	277
>AT2G18380	
A |	130	245	40	998	0	0	187	103	742	123	72	323	277
C |	237	260	0	0	0	933	210	70	48	25	363	205	115
G |	125	242	960	2	0	22	325	782	140	32	157	237	318
T |	508	253	0	0	1000	45	278	45	70	820	408	235	290
>AT2G20110	
A |	395	0	0	0	675	1000	1000	152	255	13	85	233	389	712	685
C |	0	0	0	137	0	0	0	27	161	50	30	75	27	13	32
G |	55	0	142	0	325	0	0	0	22	0	109	82	188	34	20
T |	549	1000	858	863	0	0	0	821	563	936	776	610	397	241	263
>AT2G20180	
A |	325	219	307	465	237	79	333	0	1000	0	0	0	0	193
C |	105	0	246	70	237	149	123	904	0	991	0	18	0	202
G |	325	465	254	351	281	640	123	96	0	9	1000	0	1000	447
T |	246	316	193	114	246	132	421	0	0	0	0	982	0	158
>AT2G20400	
A |	612	547	498	0	804	1000	0	1000	0	61	0	21	341	469	254
C |	90	66	71	0	97	0	0	0	0	57	1000	363	185	80	111
G |	209	235	393	988	14	0	21	0	0	61	0	324	254	109	189
T |	88	152	38	12	85	0	979	0	1000	822	0	292	220	343	446
>AT2G22300	
A |	233	14	32	68	37	1	231	290	241
C |	540	974	0	664	0	1	274	247	258
G |	184	5	962	1	963	0	211	250	251
T |	43	8	6	267	0	998	285	213	251
>AT2G22540	
A |	464	192	45	37	234	0	0	237	91	271	54	119	118	81	8
C |	101	385	34	0	2	1000	928	239	54	0	3	97	126	0	0
G |	84	153	8	32	126	0	0	161	86	0	0	17	366	919	939
T |	351	271	913	931	639	0	72	363	770	729	943	766	390	0	52
>AT2G23290	
A |	117	1000	962	0	62	150	398	520	493	365	720	703	227	198
C |	200	0	38	1000	432	0	93	227	47	148	45	132	580	372
G |	25	0	0	0	260	850	20	8	53	45	43	58	55	150
T |	658	0	0	0	247	0	488	245	407	442	192	107	138	280
>AT2G23320	
A |	457	613	717	807	0	0	0	1000	1000	197	118
C |	227	115	30	8	0	0	1000	0	0	720	138
G |	128	122	62	168	1000	0	0	0	0	7	550
T |	188	150	192	17	0	1000	0	0	0	77	193
>AT2G24430	
A |	80	362	562	38	2	0	135	153	292	238	270	570	47	908	572	42	283	487
C |	5	7	20	957	0	0	45	165	110	150	242	60	647	3	360	2	185	178
G |	5	142	300	5	597	0	820	40	315	333	227	153	122	22	58	920	128	27
T |	910	490	118	0	402	1000	0	642	283	278	262	217	185	67	10	37	403	308
>AT2G26960	
A |	248	50	1000	1000	0	197	157	447	440	207	188
C |	272	165	0	0	1000	390	0	170	158	98	300
G |	372	0	0	0	0	190	843	0	2	12	65
T |	108	785	0	0	0	223	0	383	400	683	447
>AT2G27300	
A |	230	39	146	171	0	0	0	61	492	205	132	247	176	161	887	680	0	338	766
C |	196	7	8	311	1000	120	8	772	113	274	399	255	196	311	8	12	5	132	42
G |	320	36	17	147	0	0	0	78	137	120	186	162	245	284	76	306	995	125	0
T |	254	919	829	371	0	880	992	90	257	401	283	335	382	244	29	2	0	404	191
>AT2G30250	
A |	511	598	491	696	0	0	0	1000	1000	250	155
C |	182	149	137	0	0	0	1000	0	0	728	110
G |	112	45	65	304	1000	0	0	0	0	0	654
T |	195	209	307	0	0	1000	0	0	0	22	80
>AT2G30340	
A |	113	136	19	53	41	202	539	443	455	336	201	285	50	5	3	244	158
C |	655	43	419	940	0	99	142	17	46	161	129	149	899	0	70	525	34
G |	46	715	563	0	959	549	168	317	218	39	266	496	0	990	916	34	748
T |	185	106	0	7	0	149	151	223	281	463	405	70	51	5	10	197	60
>AT2G30590	
A |	581	791	850	886	0	0	0	1000	1000	135	98
C |	182	52	12	0	0	0	1000	0	0	843	126
G |	99	66	39	91	1000	0	0	0	0	0	593
T |	138	91	99	24	0	1000	0	0	0	22	184
>AT2G31230	
A |	185	284	126	188	304	40	262	59	0	40	27	0	3	349	44
C |	495	134	549	562	76	619	725	0	1000	960	0	956	995	0	557
G |	128	324	86	15	289	116	13	923	0	0	965	0	0	540	55
T |	193	258	240	235	332	225	0	18	0	0	8	44	2	111	344
>AT2G32460	
A |	545	615	330	233	300	267	993	997	0	90	143	612	678	343	232
C |	137	88	415	435	200	85	3	0	1000	707	7	72	120	187	302
G |	143	117	78	73	313	78	2	3	0	82	850	45	3	37	113
T |	175	180	177	258	187	570	2	0	0	122	0	272	198	433	353
>AT2G33710	
A |	136	185	302	101	108	111	5	12	43	0	0	53	14	256	503
C |	528	564	84	587	815	14	782	983	0	981	1000	0	638	600	19
G |	130	60	305	81	22	600	192	5	945	19	0	945	19	29	268
T |	206	190	309	232	55	274	21	0	12	0	0	2	329	115	211
>AT2G33810	
A |	165	0	0	0	0	1000	0	430
C |	38	1000	1000	0	0	0	1000	184
G |	127	0	0	1000	0	0	0	209
T |	671	0	0	0	1000	0	0	177
>AT2G36010	
A |	378	357	381	290	109	0	0	0	0	0	966	598	610	553
C |	128	86	79	40	191	69	1000	0	1000	995	7	150	78	66
G |	140	152	153	172	700	931	0	1000	0	2	2	31	112	138
T |	355	405	386	498	0	0	0	0	0	3	26	221	200	243
>AT2G36270	
A |	405	365	376	271	74	264	333	0	1000	0	0	0	0	0	45	662	254	319
C |	119	99	134	66	32	200	155	486	0	1000	0	0	0	0	955	84	208	197
G |	220	281	266	165	672	497	0	494	0	0	1000	0	1000	750	0	207	292	146
T |	255	255	224	499	222	39	513	20	0	0	0	1000	0	250	0	47	245	338
>AT2G38470	
A |	495	635	622	796	0	0	0	1000	1000	308	164
C |	242	139	80	0	0	0	1000	0	0	669	112
G |	82	59	47	204	1000	0	0	0	0	0	585
T |	181	167	251	0	0	1000	0	0	0	23	139
>AT2G40260	
A |	232	270	417	417	638	768	247	998	0	2	0	0	223	127	217
C |	215	202	120	110	58	0	252	0	0	0	1000	323	253	138	145
G |	45	90	112	190	13	3	58	0	0	0	0	15	48	33	130
T |	508	438	352	283	290	228	443	2	1000	998	0	662	475	702	508
>AT2G42200	
A |	393	267	37	0	2	995	0	2	148	412	233
C |	218	173	195	0	0	5	1000	47	30	150	268
G |	183	153	133	1000	0	0	0	517	472	115	110
T |	205	407	635	0	998	0	0	435	350	323	388
>AT2G42430	
A |	73	49	47	94	735	747	806	647	178	211	117	3	12	468	325
C |	637	941	131	92	14	0	21	68	208	548	674	10	230	325	35
G |	230	10	679	668	162	178	105	16	134	155	38	956	710	82	510
T |	59	0	143	145	89	75	68	269	480	86	171	30	47	126	131
>AT2G43000	
A |	18	145	110	0	0	0	302	302	285	297	227	203	238	523	47	23	80	218	590	113
C |	483	8	695	1000	5	2	210	175	267	273	188	357	273	452	882	0	357	385	13	422
G |	2	653	157	0	988	168	310	240	127	180	218	108	197	8	57	938	233	10	320	53
T |	497	193	38	0	7	830	178	283	322	250	367	332	292	17	15	38	330	387	77	412
>AT2G43010	
A |	141	0	1000	0	291	0	0	141	153
C |	170	1000	0	1000	0	37	0	167	409
G |	138	0	0	0	709	0	1000	571	231
T |	550	0	0	0	0	963	0	121	207
>AT2G45410	
A |	25	18	113	75	723	792	903	667	143	175	178	0	12	462	348
C |	745	977	78	117	5	0	8	28	232	658	627	0	233	205	67
G |	215	5	627	630	215	132	43	18	72	115	43	992	717	155	377
T |	15	0	182	178	57	77	45	287	553	52	152	8	38	178	208
>AT2G45420	
A |	278	222	242	175	150	118	28	32	173	103	488	257	77	92	105	142	128	0	33
C |	200	285	132	413	577	68	672	967	63	172	123	18	127	212	195	682	678	0	340
G |	140	100	217	145	27	387	283	2	608	495	218	82	12	3	10	108	78	952	587
T |	382	393	410	267	247	427	17	0	155	230	170	643	785	693	690	68	115	48	40
>AT2G45660	
A |	0	0	41	0	172	97	0	97	79	0	73	0	0	0	61	145	0	41	17	98	156
C |	259	261	208	404	155	277	256	190	0	326	112	320	223	426	0	355	150	258	236	298	169
G |	143	167	0	55	148	118	29	153	7	123	71	166	12	97	143	0	0	79	0	122	182
T |	598	572	751	541	525	509	716	561	913	551	744	514	764	478	797	500	850	622	747	483	493
>AT2G45680	
A |	195	215	494	165	127	261	165	233	225	116	3	41	3	61	134	0	5	3	901	5	263
C |	486	519	200	225	139	147	233	430	420	33	48	0	0	0	246	982	995	939	3	876	451
G |	152	144	129	124	197	106	382	76	86	841	3	959	997	937	58	0	0	3	96	28	91
T |	167	122	177	486	537	486	220	261	268	10	947	0	0	3	562	18	0	56	0	91	195
>AT2G46270	
A |	60	3	141	0	1000	0	5	0	84	658	60	270	510	314	284
C |	154	2	859	1000	0	995	3	0	628	0	279	661	121	191	284
G |	65	893	0	0	0	5	992	0	285	225	421	20	65	112	91
T |	720	102	0	0	0	0	0	1000	3	117	240	49	304	383	342
>AT2G46680	
A |	153	88	788	933	0	3	1000	0	0	62	540	290	213
C |	97	648	103	5	2	3	0	0	0	5	77	95	152
G |	113	153	18	0	2	773	0	0	3	918	302	163	155
T |	637	110	90	62	997	220	0	1000	997	15	82	452	480
>AT2G46830	
A |	935	960	985	35	992	1	5	21
C |	1	1	4	0	5	12	991	91
G |	10	37	10	5	1	1	0	14
T |	54	2	1	960	2	986	4	874
>AT2G47070	
A |	313	31	10	14	2	984	2	53	81	600
C |	134	880	924	2	8	6	982	13	8	215
G |	285	8	13	982	6	8	2	924	880	10
T |	269	81	53	2	984	2	14	10	31	174
>AT3G01470	
A |	327	203	1000	1000	0	971	1000	2	45	258	549
C |	220	530	0	0	0	0	0	0	0	114	70
G |	126	0	0	0	5	15	0	0	76	468	106
T |	327	267	0	0	995	13	0	998	879	159	275
>AT3G01530	
A |	127	183	0	838	0	0	3	1000	1000	2	74	159	223	286
C |	333	253	34	0	1000	1000	0	0	0	809	95	213	181	147
G |	89	136	37	162	0	0	0	0	0	0	0	34	94	112
T |	451	429	930	0	0	0	997	0	0	189	831	595	503	454
>AT3G01970	
A |	152	57	2	0	0	998	0	2	43	45	97	177
C |	495	2	3	0	2	0	1000	27	13	42	115	153
G |	123	638	0	0	998	2	0	0	13	25	137	217
T |	230	303	995	1000	0	0	0	972	930	888	652	453
>AT3G02940	
A |	383	417	337	2	0	570	0	18	0	222	622	473	208	323	587	377	233	213
C |	63	58	0	0	0	8	0	3	3	112	52	197	533	232	30	223	297	173
G |	225	148	625	582	0	70	1000	780	0	620	255	257	160	105	145	120	125	230
T |	328	377	38	417	1000	352	0	198	997	47	72	73	98	340	238	280	345	383
>AT3G03200	
A |	3	0	0	156	255	323	247	319	459	55	1000	830	0	200	721	983
C |	997	29	2	92	239	139	187	240	89	608	0	158	0	408	121	0
G |	0	434	0	734	121	308	329	187	195	299	0	12	998	139	3	0
T |	0	538	998	17	385	230	237	254	257	37	0	0	2	252	155	17
>AT3G04030	
A |	430	527	344	438	0	980	997	0	482	22	142	181	184	244
C |	140	55	104	162	0	17	0	0	518	0	33	403	219	161
G |	192	172	291	400	998	0	0	0	0	0	92	55	171	219
T |	237	246	261	0	2	3	3	1000	0	978	732	361	426	376
>AT3G06490	
A |	215	262	285	245	272	375	497	667	314	0	0	637	0	0	3
C |	117	171	103	137	127	128	130	3	0	0	0	101	0	0	383
G |	159	193	436	370	203	128	139	193	645	19	0	7	1000	1000	0
T |	510	375	176	248	399	368	235	137	41	981	1000	255	0	0	613
>AT3G08500	
A |	189	241	203	0	0	130	7	0	0	76	265
C |	66	191	17	14	52	7	0	9	0	5	97
G |	558	253	489	801	125	14	993	759	0	811	508
T |	187	314	291	184	823	849	0	232	1000	109	130
>AT3G10030	
A |	443	288	129	38	856	1000	2	5	8	204	157	176	99	497
C |	232	154	149	0	15	0	998	0	54	691	20	104	324	48
G |	94	306	169	0	127	0	0	993	916	0	804	157	79	232
T |	231	253	554	962	2	0	0	2	22	105	18	564	498	222
>AT3G10480	
A |	0	0	0	10	134	299	316	292	492	2	1000	736	0	100	426	908
C |	1000	0	0	13	297	145	204	324	97	878	0	264	0	177	214	0
G |	0	114	0	977	155	386	144	83	307	47	0	0	1000	164	0	0
T |	0	886	1000	0	414	170	337	301	104	73	0	0	0	559	361	92
>AT3G10500	
A |	32	122	232	0	2	0	23	214	341	211	595	664	18	1000	843	0	363
C |	0	0	57	998	2	0	0	222	132	246	166	25	811	0	156	0	149
G |	0	129	115	0	80	0	977	278	395	386	172	266	117	0	0	988	80
T |	968	749	595	2	916	1000	0	286	132	157	67	45	54	0	2	12	408
>AT3G10800	
A |	323	314	252	228	454	232	2	996	0	7	0	11	0	162	551
C |	119	197	164	71	126	144	330	0	993	0	0	0	0	786	77
G |	268	188	166	464	318	5	575	4	0	993	0	989	743	2	215
T |	290	301	418	237	102	619	93	0	7	0	1000	0	257	49	157
>AT3G11280	
A |	620	447	50	201	0	7	1000	0	0	206	210	325	498	192
C |	79	27	560	619	29	160	0	5	1000	247	108	335	26	266
G |	103	48	58	110	0	0	0	10	0	38	89	88	48	52
T |	198	478	332	70	971	833	0	985	0	509	593	253	428	490
>AT3G12250	
A |	321	438	0	2	997	0	34	0	122	969	3	48	505	252	231
C |	121	134	0	0	0	967	2	0	860	0	126	748	74	164	314
G |	309	410	0	993	3	0	964	0	10	10	348	107	203	150	131
T |	250	17	1000	5	0	33	0	1000	7	21	522	97	217	434	324
>AT3G14180	
A |	55	38	324	18	0	0	0	891	508	699	507
C |	134	819	0	930	1000	0	0	54	10	54	151
G |	57	38	676	2	0	1000	1000	13	457	79	62
T |	754	104	0	50	0	0	0	42	25	169	281
>AT3G15210	
A |	122	132	188	32	20	5	0	2	2	10	87	591	218	338	288
C |	482	682	89	760	977	0	998	997	0	776	889	5	305	256	119
G |	124	35	327	173	0	990	2	0	998	0	3	285	42	44	206
T |	271	151	397	35	3	5	0	2	0	214	20	119	436	362	387
>AT3G15500	
A |	359	241	187	138	295	487	342	209	266	263	268	513	2	1000	2	0	44	598	710	120	74
C |	66	30	204	626	148	37	162	118	229	263	190	49	724	0	998	0	114	342	0	524	328
G |	200	253	214	34	291	114	264	64	152	168	190	152	5	0	0	1000	258	3	5	91	54
T |	375	476	396	202	266	362	232	609	354	306	352	286	269	0	0	0	584	57	285	266	544
>AT3G17730	
A |	345	477	37	0	0	127	233	298	225	298	518	7	1000	737	0	183	713
C |	12	73	963	0	0	25	210	150	177	273	97	760	0	263	0	372	153
G |	187	383	0	538	0	843	70	315	342	162	173	172	0	0	1000	192	13
T |	457	67	0	462	1000	5	487	237	257	267	212	62	0	0	0	253	120
>AT3G18400	
A |	5	0	0	135	198	264	291	323	601	8	1000	457	0	125	469	885
C |	995	2	0	74	147	200	360	279	37	775	0	543	0	274	137	7
G |	0	382	0	773	66	306	135	152	218	66	0	0	964	44	7	12
T |	0	616	1000	17	589	230	213	245	144	151	0	0	36	557	387	96
>AT3G20840	
A |	154	215	15	749	10	149	303	472	190	221	67	0	241	969	82	390	410	410	369
C |	67	26	877	46	959	21	210	46	103	421	528	990	46	0	46	15	318	144	169
G |	497	569	0	123	15	800	328	82	26	0	5	0	646	31	728	585	51	251	277
T |	282	190	108	82	15	31	159	400	682	359	400	10	67	0	144	10	221	195	185
>AT3G22170	
A |	196	319	38	962	9	13	0	17	77	68	268	349
C |	345	247	894	13	979	68	936	0	885	170	289	187
G |	170	106	38	9	4	906	0	970	26	72	170	213
T |	289	328	30	17	9	13	64	13	13	689	272	251
>AT3G22830	
A |	547	2	967	848	122	265	117	37	7	25	685	0	937	700	232
C |	102	2	3	10	257	318	57	13	953	168	75	8	22	57	202
G |	280	992	13	27	485	218	22	27	40	77	227	992	10	98	403
T |	72	5	17	115	137	198	805	923	0	730	13	0	32	145	163
>AT3G23220	
A |	210	232	320	132	7	93	5	0	0	22	8	129	323	152	242
C |	360	100	76	567	0	3	964	0	7	888	10	144	391	42	86
G |	80	469	553	3	993	904	0	1000	993	0	851	716	73	680	538
T |	350	200	51	298	0	0	30	0	0	90	130	12	213	125	134
>AT3G24520	
A |	0	0	860	0	980	897	205	117	60	10	0
C |	998	170	32	5	3	2	163	605	2	0	1000
G |	0	25	108	995	0	30	402	212	0	0	0
T |	2	805	0	0	17	72	230	67	938	990	0
>AT3G26620	
A |	354	54	19	29	189	478	325	0	134	138	325	97	0	2	151
C |	134	61	981	0	240	133	87	216	192	259	282	857	0	901	296
G |	344	876	0	886	269	228	87	34	66	112	170	0	991	32	139
T |	168	9	0	85	303	162	502	750	607	491	223	46	9	65	413
>AT3G26790	
A |	542	273	581	153	460	0	1000	0	5	0	998	350	351	229	559
C |	129	263	80	200	85	1000	0	0	2	1000	0	51	98	377	107
G |	105	107	160	56	390	0	0	0	993	0	2	39	389	131	131
T |	224	357	180	591	65	0	0	1000	0	0	0	560	161	263	204
>AT3G27010	
A |	332	419	269	454	290	429	305	286	371	266	122	31	100	5	7	478	41	0	2	920	27
C |	127	181	249	161	176	149	137	288	127	149	34	80	8	0	0	17	881	1000	971	0	734
G |	215	197	247	219	269	242	327	195	178	292	812	71	820	990	993	431	7	0	2	80	71
T |	325	203	234	166	264	180	231	231	324	293	32	819	71	5	0	75	71	0	25	0	168
>AT3G27785	
A |	486	464	421	385	183	590	525	281	22	0	0	4	1000	7	522	442	496
C |	122	126	119	122	288	25	0	640	903	0	0	0	0	971	18	86	79
G |	144	122	115	183	104	302	205	79	68	1000	0	0	0	0	281	83	65
T |	248	288	345	309	424	83	270	0	7	0	1000	996	0	22	180	388	360
>AT3G28920	
A |	402	253	377	553	368	230	290	403	25	7	1000	998	7	0	898
C |	18	75	87	153	127	228	303	292	375	2	0	0	15	370	22
G |	18	28	7	110	170	92	155	212	32	0	0	2	0	10	53
T |	562	643	530	183	335	450	252	93	568	992	0	0	978	620	27
>AT3G30530	
A |	194	15	134	0	0	1000	0	15	15	0	0	269
C |	45	0	821	0	0	0	1000	0	0	0	0	731
G |	0	955	45	0	970	0	0	985	0	1000	866	0
T |	761	30	0	1000	30	0	0	0	985	0	134	0
>AT3G47500	
A |	588	565	555	502	453	325	237	758	853	1000	1000	973	0	48	275	528	653	563	600
C |	88	45	78	60	122	155	240	52	0	0	0	0	0	93	33	235	143	107	115
G |	118	195	188	248	228	297	292	132	5	0	0	27	1000	218	547	45	60	82	147
T |	205	195	178	190	197	223	232	58	142	0	0	0	0	640	145	192	143	248	138
>AT3G49530	
A |	0	0	0	600	237	221	192	445	224	7	1000	1000	0	174	843
C |	1000	0	0	95	313	263	157	182	166	32	0	0	0	174	18
G |	0	0	0	273	341	139	395	249	124	378	0	0	998	261	0
T |	0	1000	1000	32	109	378	256	124	487	584	0	0	2	391	139
>AT3G49930	
A |	0	1000	1000	1000	0	0	294
C |	0	0	0	0	0	1000	137
G |	1000	0	0	0	59	0	118
T |	0	0	0	0	941	0	451
>AT3G53200	
A |	466	599	646	787	831	691	0	0	998	0	0	0	859	465	529
C |	134	92	32	0	0	0	0	0	0	0	0	8	81	111	92
G |	183	129	119	10	3	299	2	0	0	1000	1000	0	42	173	233
T |	216	180	203	203	166	10	998	1000	2	0	0	992	18	252	146
>AT3G54340	
A |	316	289	165	0	636	746	973	825	536	326	337	24	629	794	835
C |	124	113	828	797	210	76	0	3	34	0	7	0	192	62	31
G |	69	134	0	3	38	38	0	0	357	103	656	976	17	31	65
T |	491	464	7	199	117	141	27	172	72	570	0	0	162	113	69
>AT3G56400	
A |	351	205	125	23	0	0	0	1000	0	3	119	137	165
C |	129	275	775	0	0	0	0	0	1000	97	40	75	122
G |	280	302	53	975	0	0	1000	0	0	5	18	62	197
T |	240	217	47	2	1000	1000	0	0	0	895	823	726	516
>AT3G56850	
A |	411	376	334	129	237	433	2	1000	0	0	0	0	0	23	769
C |	72	87	67	59	124	156	584	0	1000	0	0	0	0	977	62
G |	249	237	164	587	599	0	395	0	0	1000	0	1000	706	0	127
T |	268	299	435	226	40	411	20	0	0	0	1000	0	294	0	42
>AT3G59060	
A |	0	0	1000	0	318	0	0	0
C |	273	1000	0	1000	0	0	0	332
G |	0	0	0	0	682	0	1000	563
T |	727	0	0	0	0	1000	0	105
>AT3G60530	
A |	268	168	170	59	572	49	1000	0	0	0	411	535	513	54	120
C |	170	259	306	461	104	0	0	0	944	320	15	15	40	281	505
G |	66	135	135	106	274	951	0	0	0	72	574	364	39	30	54
T |	497	438	389	374	49	0	0	1000	56	608	0	86	407	635	322
>AT3G61150	
A |	299	38	865	668	0	210	998	1000	0	104	279
C |	93	364	112	0	0	0	0	0	0	7	486
G |	457	0	0	0	0	0	2	0	0	815	38
T |	150	598	23	332	1000	790	0	0	1000	75	197
>AT4G00730	
A |	202	64	1000	0	0	791	1000	321	13	567	182
C |	5	858	0	2	2	0	0	2	0	13	475
G |	559	2	0	0	0	3	0	0	70	381	59
T |	234	77	0	998	998	206	0	677	916	38	284
>AT4G01250	
A |	531	770	865	888	0	0	0	1000	1000	119	90	304	234
C |	194	48	8	0	0	0	1000	0	0	848	100	234	225
G |	130	83	23	97	1000	0	0	0	0	0	524	214	112
T |	145	98	104	15	0	1000	0	0	0	33	285	249	429
>AT4G01500	
A |	215	243	140	60	198	22	0	993	3	138	70	237	363	328	322	240
C |	330	393	148	177	115	213	1000	3	0	3	20	7	138	155	98	223
G |	133	82	92	383	258	107	0	3	982	858	33	610	243	118	118	95
T |	322	282	620	380	428	658	0	0	15	0	877	147	255	398	462	442
>AT4G04450	
A |	178	230	207	243	405	382	262	243	311	217	165	3	0	0	0	1000	0	19	314	265	204
C |	236	146	110	133	233	298	285	256	165	223	595	0	0	0	0	0	1000	291	123	146	155
G |	227	188	220	298	178	97	126	159	301	288	91	974	0	0	994	0	0	23	120	123	298
T |	359	437	463	327	184	223	327	343	223	272	149	23	1000	1000	6	0	0	667	443	466	343
>AT4G11660	
A |	97	9	0	2	813	0	966	850	206	128	53	17	2	46
C |	60	17	997	196	39	5	5	14	209	514	34	7	991	247
G |	24	3	0	32	134	995	0	31	374	204	7	3	0	46
T |	820	971	3	770	14	0	29	105	211	155	906	973	7	662
>AT4G14410	
A |	130	15	6	996	0	1	0	0	45	22
C |	26	74	994	0	999	0	4	0	866	822
G |	822	866	0	4	0	999	0	994	74	26
T |	22	45	0	0	1	0	996	6	15	130
>AT4G15090	
A |	396	206	124	213	14	1000	0	0	0	0	0	46	190	245	228
C |	198	323	399	327	931	0	1000	0	993	0	992	543	105	359	371
G |	166	164	98	22	29	0	0	1000	0	998	0	85	249	139	112
T |	240	306	379	438	27	0	0	0	7	2	8	327	457	257	289
>AT4G16150	
A |	295	140	110	88	122	65	307	342	397	493	430	382	43	10	37	10	10	210
C |	312	595	95	380	20	32	182	135	95	142	148	305	930	0	500	0	20	153
G |	227	140	708	87	732	172	273	213	288	120	182	260	10	990	0	963	83	318
T |	167	125	87	445	127	732	238	310	220	245	240	53	17	0	463	27	887	318
>AT4G18170	
A |	355	261	179	94	0	0	0	1000	0	25	189	145	172
C |	94	161	453	25	10	0	0	0	1000	166	57	94	120
G |	268	219	142	597	0	3	1000	0	0	10	48	109	212
T |	284	360	226	284	990	997	0	0	0	799	706	652	495
>AT4G18770	
A |	387	537	436	402	271	76	24	1000	1000	0	3	0	529	338	412
C |	123	64	81	109	212	0	0	0	0	1000	113	61	135	232	99
G |	219	94	113	96	96	924	0	0	0	0	828	517	0	27	281
T |	271	305	370	392	421	0	976	0	0	0	56	423	337	402	207
>AT4G18890	
A |	5	303	0	1000	0	2	2	0	86	102	405
C |	541	47	998	0	1000	0	0	0	125	237	154
G |	73	649	0	0	0	998	0	1000	102	573	303
T |	381	0	2	0	0	0	998	0	686	88	137
>AT4G18960	
A |	302	289	198	88	119	168	0	0	469	70	155	34	188	165	219	5	286	544	567
C |	147	173	314	85	34	62	951	683	108	258	0	0	106	90	3	46	253	134	75
G |	134	106	116	44	62	188	0	0	62	62	5	0	67	126	778	804	103	67	85
T |	418	433	371	784	786	582	49	317	361	611	840	966	639	619	0	144	358	255	273
>AT4G22070	
A |	271	235	287	303	343	434	430	359	343	494	522	749	0	0	4	1000	1000	28	120
C |	131	127	223	183	231	139	131	255	295	127	112	0	0	0	996	0	0	972	68
G |	307	327	251	179	108	131	291	139	151	139	155	251	1000	0	0	0	0	0	673
T |	291	311	239	335	319	295	147	247	211	239	211	0	0	1000	0	0	0	0	139
>AT4G23550	
A |	530	678	737	835	0	0	0	998	990	222	113
C |	192	71	25	0	0	2	1000	2	0	739	108
G |	109	101	64	136	1000	0	0	0	10	0	461
T |	168	150	173	29	0	998	0	0	0	39	318
>AT4G25470	
A |	269	230	240	153	86	494	0	0	0	1000	0	822	89	306	348
C |	291	339	193	286	375	0	978	1000	0	0	1000	40	77	319	153
G |	139	141	227	96	163	506	0	0	1000	0	0	82	8	220	297
T |	301	289	339	466	376	0	22	0	0	0	0	55	825	155	202
>AT4G25480	
A |	248	255	126	116	519	0	0	0	1000	0	576	273	337	350
C |	353	161	323	446	0	980	1000	0	0	1000	99	121	290	161
G |	102	240	116	151	476	0	0	1000	0	0	184	45	194	271
T |	296	345	436	288	5	20	0	0	0	0	141	561	179	218
>AT4G25490	
A |	247	132	118	435	0	0	0	993	0	642	213	293
C |	107	320	480	0	993	1000	0	0	1000	63	167	340
G |	295	113	143	562	0	0	1000	0	0	192	47	188
T |	352	435	258	3	7	0	0	7	0	103	573	178
>AT4G26640	
A |	392	270	57	18	3	0	0	998	2	0	385	267	260
C |	92	252	697	5	2	2	0	0	998	450	63	67	113
G |	262	260	123	700	0	0	1000	2	0	0	180	227	212
T |	255	218	123	277	995	998	0	0	0	550	372	440	415
>AT4G27950	
A |	71	212	195	49	53	115	0	0	53	0	71	385	58	137	292	155	248	212	58	62	221
C |	544	637	58	819	916	9	1000	1000	0	841	916	44	704	553	44	562	473	80	717	637	150
G |	150	0	341	97	0	770	0	0	920	0	0	465	40	115	389	75	106	420	111	97	403
T |	235	150	407	35	31	106	0	0	27	159	13	106	199	195	274	208	173	288	115	204	226
>AT4G29230	
A |	723	275	57	0	0	247	486	327	212	357	546	25	995	761	0
C |	0	0	905	0	0	127	87	162	224	195	15	422	0	239	0
G |	169	616	0	606	0	616	10	227	426	232	105	499	5	0	1000
T |	109	109	38	394	1000	10	417	284	139	215	334	53	0	0	0
>AT4G31550	
A |	380	250	179	18	0	2	0	997	0	27	99	94	171	241
C |	112	183	600	0	2	0	0	0	1000	79	34	70	117	142
G |	290	298	141	858	0	0	1000	3	0	0	13	62	156	233
T |	218	270	80	124	998	998	0	0	0	894	854	774	556	384
>AT4G31800	
A |	327	529	544	636	3	0	3	998	978	129	277
C |	274	169	154	3	0	0	997	0	0	508	88
G |	247	129	63	361	995	0	0	0	5	260	536
T |	152	174	239	0	2	1000	0	2	17	104	98
>AT4G31920	
A |	933	0	933	0	267	67	0	200
C |	67	0	0	0	400	533	0	400
G |	0	1000	67	0	0	0	600	267
T |	0	0	0	1000	333	400	400	133
>AT4G32730	
A |	457	483	545	318	387	75	367	703	80	0	0	0	0	528	273
C |	138	85	55	105	143	120	3	3	920	1000	0	0	0	2	220
G |	152	145	37	87	205	85	380	210	0	0	1000	0	0	392	320
T |	253	287	363	490	265	720	250	83	0	0	0	1000	1000	78	187
>AT4G33280	
A |	236	223	136	603	95	107	79	0	0	4	0	21	50	0	25	8	128	996	996	992	905
C |	58	17	45	29	529	17	4	4	4	8	8	8	0	975	0	0	4	4	4	0	33
G |	21	41	45	136	41	570	310	25	0	0	0	942	946	0	971	992	868	0	0	8	0
T |	686	719	773	231	335	306	607	971	996	988	992	29	4	25	4	0	0	0	0	0	62
>AT4G34000	
A |	971	10	971	10	10	10	10	10
C |	10	971	10	971	10	10	10	10
G |	10	10	10	10	971	10	971	10
T |	10	10	10	10	10	971	10	971
>AT4G36160	
A |	40	0	0	282	410	492	360	305	423	67	1000	582	0	10	727
C |	960	0	0	118	193	110	220	300	123	573	0	418	0	718	72
G |	0	432	0	568	162	208	237	137	178	160	0	0	963	10	2
T |	0	568	1000	32	235	190	183	258	275	200	0	0	37	262	200
>AT4G36740	
A |	388	355	673	185	35	1000	1000	0	647	1000	0	93	153	425	368	285	320	343	360	435	368
C |	155	282	42	542	883	0	0	0	30	0	0	8	15	100	173	242	265	202	112	107	142
G |	197	158	113	113	0	0	0	0	42	0	0	68	662	235	210	222	132	93	117	90	85
T |	260	205	172	160	82	0	0	1000	282	0	1000	830	170	240	248	252	283	362	412	368	405
>AT4G36780	
A |	139	60	678	0	998	0	0	0	0	0	391
C |	307	691	120	1000	0	1000	0	0	0	679	0
G |	172	110	177	0	0	0	1000	0	1000	2	609
T |	382	139	25	0	2	0	0	1000	0	319	0
>AT4G37260	
A |	52	1000	1000	0	23	48	347	538	495	353	448
C |	163	0	0	1000	435	0	93	247	42	217	123
G |	0	0	0	0	258	952	0	0	40	73	73
T |	785	0	0	0	283	0	560	215	423	357	355
>AT4G37790	
A |	402	205	30	992	1000	0	0	992	8	129
C |	273	356	439	8	0	15	962	8	15	76
G |	159	129	0	0	0	0	38	0	8	106
T |	167	311	530	0	0	985	0	0	970	689
>AT5G02840	
A |	938	0	1000	0	977	0	0	29	141	169
C |	0	0	0	2	2	2	2	0	45	178
G |	43	995	0	0	0	7	0	0	18	166
T |	20	5	0	998	21	991	998	971	797	487
>AT5G03150	
A |	273	270	272	295	243	139	10	0	0	0	0	18	52	15	96	146	225	119	79	240
C |	181	166	169	106	117	50	40	8	17	0	0	946	104	34	166	0	45	383	227	92
G |	112	121	133	126	124	52	22	7	0	1000	22	0	555	70	57	0	13	324	65	351
T |	433	443	426	473	515	758	928	985	983	0	978	35	289	881	681	854	716	174	629	317
>AT5G04340	
A |	168	38	828	850	10	879	11	24	867	290
C |	241	42	37	39	892	9	891	18	53	285
G |	143	56	34	24	44	16	90	11	42	219
T |	448	863	101	87	55	96	8	947	39	206
>AT5G04390	
A |	254	1000	0	0	15	559	509	294	205	327	337
C |	180	0	37	0	0	0	88	120	119	58	83
G |	277	0	963	0	985	170	132	441	294	214	404
T |	289	0	0	1000	0	270	270	145	382	401	175
>AT5G04760	
A |	155	362	0	999	0	906	999	96	95	174
C |	345	76	0	0	0	94	0	94	95	281
G |	155	298	999	0	0	0	0	712	714	174
T |	345	264	0	0	999	0	0	98	95	371
>AT5G05550	
A |	304	322	206	12	144	2	0	0	87	0	59	661	161	309	388
C |	255	136	104	596	15	998	1000	0	114	832	29	45	357	126	102
G |	119	164	76	5	206	0	0	1000	757	0	911	193	119	435	208
T |	322	378	614	388	634	0	0	0	42	168	2	101	362	131	302
>AT5G06100	
A |	398	57	1000	1000	0	87	200	587	513	367	268
C |	233	18	0	0	1000	470	0	138	288	65	280
G |	230	0	0	0	0	132	800	0	2	8	113
T |	138	925	0	0	0	312	0	275	197	560	338
>AT5G06839	
A |	325	432	199	76	533	0	7	995	0	10	20	57	884	57	228
C |	121	152	206	89	337	0	0	0	943	0	8	852	0	435	310
G |	364	180	91	798	130	0	927	5	2	990	2	81	81	165	140
T |	189	236	504	37	0	1000	66	0	56	0	970	10	35	342	322
>AT5G06950	
A |	341	477	0	0	1000	0	28	2	119	990	3	85	477	252	240	270	259	199	249	259
C |	115	114	0	3	0	973	2	0	881	0	150	703	88	139	306	220	237	302	169	187
G |	307	396	0	987	0	0	970	0	0	3	332	90	187	144	114	242	167	165	319	160
T |	237	13	1000	10	0	27	0	998	0	7	514	122	247	466	341	267	337	334	264	394
>AT5G06960	
A |	316	457	0	0	1000	0	31	0	102	993	0	39	497	253
C |	111	117	0	0	0	976	0	0	893	0	134	764	90	131
G |	313	408	0	991	0	0	969	0	3	0	325	107	202	156
T |	260	17	1000	9	0	24	0	1000	2	7	541	90	211	459
>AT5G07310	
A |	27	82	109	13	23	83	8	219	419	78	192	187	50	95	212
C |	770	880	0	928	977	0	711	678	12	584	614	17	750	728	62
G |	112	13	830	42	0	888	13	8	407	25	33	576	23	55	601
T |	92	25	62	17	0	28	267	95	162	312	160	220	177	122	125
>AT5G08130	
A |	0	1000	0	5	0	0	721	5	320	231	210	157	424	212
C |	1000	0	1000	0	0	0	214	655	230	290	306	468	267	440
G |	0	0	0	995	0	1000	16	118	136	102	194	125	155	110
T |	0	0	0	0	1000	0	49	221	314	376	290	249	154	239
>AT5G08330	
A |	314	59	0	0	0	90	258	0	25	104	709	97	256	269
C |	129	8	33	0	0	2	483	998	973	694	62	565	251	174
G |	166	933	0	1000	1000	870	55	0	0	23	147	109	197	161
T |	391	0	967	0	0	38	204	2	2	179	82	229	296	396
>AT5G10030	
A |	73	37	943	0	118	0	70	998	0	30	570
C |	205	195	5	968	3	3	930	2	148	833	103
G |	0	663	8	0	878	0	0	0	325	62	185
T |	722	105	43	32	0	997	0	0	527	75	142
>AT5G10140	
A |	440	327	345	298	284	196	33	491	720	949	847	702	284	513	0	789	975	935	225	396	375
C |	160	222	135	95	91	702	673	255	36	0	11	11	40	0	0	76	11	4	156	171	182
G |	164	229	76	131	240	44	15	135	138	11	11	65	55	487	1000	22	15	55	538	62	105
T |	236	222	444	476	385	58	280	120	105	40	131	222	622	0	0	113	0	7	80	371	338
>AT5G10510	
A |	21	254	4	62	4	418	315	693	420	181	70	43	156	185	247
C |	650	661	45	672	13	0	13	30	45	288	701	21	147	26	490
G |	30	24	6	62	974	524	448	87	77	183	32	891	111	727	45
T |	299	60	945	203	9	58	224	190	458	348	198	45	586	62	218
>AT5G11260	
A |	339	330	145	74	577	5	0	998	0	0	0	34	233	183	332
C |	97	159	166	21	166	51	0	0	989	5	0	270	0	647	344
G |	312	229	115	882	215	4	965	2	0	995	0	691	552	25	148
T |	252	282	575	23	42	940	35	0	11	0	1000	5	215	145	176
>AT5G13790	
A |	222	80	27	140	0	0	334	147	270	12	149	230	209	0	543	907	793	189	262
C |	364	55	8	13	995	726	134	142	0	13	75	70	2	0	83	22	12	292	129
G |	229	8	5	35	0	0	83	88	7	0	52	280	790	977	47	8	48	309	83
T |	185	856	960	811	5	274	449	623	723	975	725	419	0	23	327	63	147	210	526
>AT5G13910	
A |	255	82	73	141	8	4	53	0	0	47	24	153	420	243	271	255	124	220	147	180	139
C |	151	510	843	47	812	996	0	980	998	0	614	618	55	473	386	114	514	518	163	490	567
G |	261	159	18	461	106	0	931	0	0	939	41	45	298	90	84	382	114	98	453	104	90
T |	333	249	65	351	73	0	16	20	2	14	320	184	227	194	259	249	247	163	237	227	204
>AT5G14960	
A |	333	406	550	321	312	227	106	66	49	36	12	3	26	9	0	57	990	981	915	693
C |	43	43	40	240	50	31	19	5	7	0	12	0	955	0	14	10	0	3	26	71
G |	193	97	113	85	288	179	36	7	21	21	955	997	0	991	983	924	10	12	21	31
T |	431	453	297	354	349	562	839	922	924	943	21	0	19	0	3	9	0	3	38	205
>AT5G15830	
A |	307	347	261	47	294	66	0	1000	0	5	0	0	0	225	547
C |	120	166	96	17	535	98	122	0	986	14	0	0	5	751	136
G |	317	190	99	765	131	2	787	0	5	977	0	1000	800	3	197
T |	256	298	544	171	40	834	91	0	9	3	1000	0	195	21	120
>AT5G16820	
A |	2	967	897	158	223	162	40	0	30	713	2	912
C |	0	3	8	150	407	47	3	990	192	73	3	30
G |	997	12	33	553	233	48	22	10	65	187	993	28
T |	2	18	62	138	137	743	935	0	713	27	2	30
>AT5G17430	
A |	561	669	453	676	755	676	561	770	590	691	698	604	676	770	432	928	252	899	547	655
C |	72	43	0	22	137	129	22	0	0	0	29	14	0	137	0	36	122	0	158	14
G |	173	223	273	302	108	115	338	22	410	223	273	252	324	94	489	0	525	0	295	288
T |	194	65	273	0	0	79	79	209	0	86	0	129	0	0	79	36	101	101	0	43
>AT5G17800	
A |	393	282	442	450	555	2	1000	1000	0	43	238	372	395	323	222
C |	82	122	177	133	152	5	0	0	1000	58	0	68	238	97	225
G |	190	130	118	172	75	0	0	0	0	695	762	3	22	42	62
T |	335	467	263	245	218	993	0	0	0	203	0	557	345	538	492
>AT5G20240	
A |	280	102	640	803	987	892	539	559	414	13	799	887	817	459
C |	600	706	142	22	2	0	14	25	0	11	97	13	47	104
G |	86	79	120	149	7	22	437	124	586	977	13	43	108	357
T |	34	113	99	27	4	86	9	292	0	0	91	57	29	81
>AT5G24110	
A |	612	787	882	0	0	0	1000	1000	5	53	214
C |	113	26	3	0	0	1000	0	0	988	110	376
G |	139	70	115	1000	0	0	0	0	0	693	221
T |	136	117	0	0	1000	0	0	0	7	144	189
>AT5G25810	
A |	245	248	92	69	685	0	0	0	896	0	814	356	341	327	258
C |	379	164	537	725	0	1000	1000	0	55	1000	3	317	213	111	290
G |	111	237	89	39	312	0	0	1000	0	0	159	138	107	277	159
T |	265	351	282	168	3	0	0	0	49	0	23	190	339	285	292
>AT5G26170	
A |	183	100	11	5	0	998	0	4	76	51	90	204	250
C |	375	99	2	0	0	0	1000	39	18	40	111	155	218
G |	155	380	4	0	1000	2	0	2	7	25	85	158	153
T |	287	421	984	995	0	0	0	956	900	884	715	482	379
>AT5G29000	
A |	642	557	542	63	803	1000	0	998	0	77	3	0	377	528	257
C |	145	110	82	3	82	0	2	2	0	23	995	438	203	102	127
G |	142	175	313	908	42	0	98	0	2	72	2	257	208	73	168
T |	72	158	63	25	73	0	900	0	998	828	0	305	212	297	448
>AT5G39820	
A |	36	203	145	0	0	0	290	307	247	211	220	191	196	764	4	0	54	218
C |	463	7	686	1000	0	9	191	178	298	323	189	348	443	236	987	0	294	358
G |	22	546	100	0	993	64	381	227	138	191	227	107	147	0	9	996	279	27
T |	479	243	69	0	7	927	138	289	318	276	365	354	214	0	0	4	372	397
>AT5G41570	
A |	187	70	35	0	3	0	998	2	0	222	168	185	205	238
C |	217	705	3	0	0	0	0	998	190	48	60	132	170	193
G |	263	83	875	0	0	1000	2	0	0	45	60	130	172	168
T |	333	142	87	1000	997	0	0	0	810	685	712	553	453	400
>AT5G43840	
A |	0	995	940	71	319	86	5	0	2	786	0	986	778	238	321	341
C |	0	0	7	241	264	34	0	998	138	29	2	0	28	202	328	114
G |	1000	0	7	572	186	3	3	2	38	184	998	0	86	384	150	126
T |	0	5	47	116	231	876	991	0	822	0	0	14	109	176	202	419
>AT5G45300	
A |	57	32	695	0	998	3	0	0	22	48	140	492	448	278	162
C |	343	832	62	998	0	997	0	17	0	407	402	122	165	325	217
G |	8	70	232	0	2	0	1000	0	975	20	413	155	205	167	185
T |	592	67	12	2	0	0	0	983	3	525	45	232	182	230	437
>AT5G46350	
A |	310	458	605	880	943	958	0	0	0	1000	1000	97	145	318	293
C |	173	163	132	13	0	0	0	0	1000	0	0	878	120	243	220
G |	288	180	150	62	12	40	1000	0	0	0	0	0	627	195	105
T |	228	198	113	45	45	2	0	1000	0	0	0	25	108	243	382
>AT5G46590	
A |	5	0	0	258	374	437	320	358	337	112	1000	926	0	214	883	990
C |	995	0	0	137	223	99	178	183	80	363	0	74	0	327	28	0
G |	0	255	0	573	174	288	355	228	109	454	0	0	995	141	0	0
T |	0	745	1000	32	229	176	147	231	474	70	0	0	5	318	89	10
>AT5G46760	
A |	250	101	970	0	160	10	0	70
C |	280	899	0	840	0	20	0	400
G |	400	0	20	0	840	0	899	280
T |	70	0	10	160	0	970	101	250
>AT5G47220	
A |	166	197	284	155	192	272	109	171	272	57	198	71	5	12	72	0	0	297	44	205	366
C |	464	467	138	528	492	139	546	585	77	617	758	0	992	988	0	950	1000	0	513	422	49
G |	123	124	314	124	124	370	106	45	319	143	15	855	0	0	924	0	0	593	87	131	356
T |	247	212	264	193	192	218	239	198	331	183	29	74	3	0	3	50	0	109	356	242	229
>AT5G47230	
A |	102	152	369	55	100	140	5	28	117	7	7	126	5	95	410
C |	636	664	72	621	852	0	912	972	0	926	993	0	721	731	29
G |	66	24	310	124	9	638	55	0	867	34	0	802	29	50	378
T |	197	160	248	200	40	222	28	0	16	33	0	72	245	124	183
>AT5G47370	
A |	502	184	0	1000	1000	0	0	1000	189	191	383
C |	38	311	416	0	0	0	905	0	20	70	87
G |	72	187	0	0	0	0	0	0	0	60	219
T |	388	318	584	0	0	1000	95	0	791	679	311
>AT5G47390	
A |	376	317	462	484	127	227	18	18	1000	0	0	0	736	357	509
C |	199	204	122	75	476	501	73	10	0	0	1000	880	7	210	27
G |	87	112	105	154	80	95	0	25	0	0	0	0	124	47	15
T |	339	367	311	287	317	177	908	947	0	1000	0	120	134	386	449
>AT5G47660	
A |	303	311	262	266	279	82	180	25	0	291	1000	0	49	94	49
C |	74	123	299	258	86	33	4	61	0	33	0	1000	582	98	340
G |	53	135	57	102	189	102	0	41	0	0	0	0	41	693	25
T |	570	430	381	373	447	783	816	873	1000	676	0	0	328	115	586
>AT5G50570	
A |	453	211	87	0	0	1000	0	3	137	599	301
C |	111	204	164	0	0	0	1000	33	0	123	282
G |	166	156	112	1000	0	0	0	796	758	17	102
T |	270	429	637	0	1000	0	0	168	106	261	315
>AT5G52830	
A |	463	222	285	5	0	0	0	992	0	10	77	72	117
C |	108	208	575	2	0	0	0	0	1000	33	17	57	107
G |	215	278	80	923	0	0	1000	5	0	0	3	3	148
T |	213	292	60	70	1000	1000	0	3	0	957	903	868	628
>AT5G54230	
A |	244	356	120	77	65	38	983	132	0	284	1000	488	100	313	318
C |	207	119	135	276	254	540	0	853	1000	13	0	500	523	52	157
G |	30	147	472	164	55	102	15	10	0	5	0	0	5	0	62
T |	518	378	273	483	625	319	2	5	0	697	0	12	371	635	463
>AT5G56840	
A |	558	628	78	190	18	22	990	0	0	10	720	373	555	423	328
C |	75	33	540	597	40	32	5	3	1000	802	10	143	7	113	245
G |	95	120	62	98	3	12	0	2	0	0	78	50	17	42	147
T |	272	218	320	115	938	935	5	995	0	188	192	433	422	422	280
>AT5G58850	
A |	156	480	421	289	27	0	0	0	963	22	528
C |	299	45	0	656	860	0	0	2	0	846	60
G |	130	314	196	55	114	1000	0	0	2	12	259
T |	415	161	383	0	0	0	1000	998	35	120	152
>AT5G58900	
A |	424	322	376	395	0	1000	0	998	997	43	390	269	264	400	324
C |	47	112	81	12	0	0	0	0	0	91	62	107	95	91	109
G |	43	245	98	540	991	0	0	0	2	764	447	71	112	186	226
T |	486	321	445	53	9	0	1000	2	2	102	102	553	529	322	341
>AT5G60130	
A |	702	773	35	202	887	850	788	627	362	368	248	730	835	22	190	900	862	795	643
C |	52	30	20	460	32	2	0	37	195	265	133	37	10	0	440	40	25	30	40
G |	138	95	897	213	55	40	15	43	137	120	145	140	40	938	258	18	42	18	43
T |	108	102	48	125	27	108	197	293	307	247	473	93	115	40	112	42	72	157	273
>AT5G61620	
A |	342	429	347	292	190	160	0	1000	0	933	855	252	441	309	299
C |	137	30	17	50	97	0	0	0	0	27	0	78	92	119	87
G |	249	114	17	187	10	840	1000	0	0	15	88	518	319	58	104
T |	272	427	619	471	703	0	0	0	1000	25	57	152	149	514	511
>AT5G61850	
A |	83	707	120	35	335	706	26	0	248	84	26	50	21	155	11	637	694	213	518
C |	271	35	160	12	0	133	953	950	5	416	720	0	0	6	654	315	26	45	128
G |	128	45	26	315	654	6	0	0	720	416	5	950	953	133	0	12	160	35	271
T |	518	213	694	637	11	155	21	50	26	84	248	0	26	706	335	35	120	707	83
>AT5G62020	
A |	20	963	955	135	165	77	17	0	8	768	185	845
C |	5	0	0	130	457	7	0	997	262	10	28	18
G |	957	17	10	587	220	5	5	0	58	162	715	65
T |	18	20	35	148	158	912	978	3	672	60	72	72
>AT5G62320	
A |	251	104	135	97	1000	85	0	316	1000	421	26	219	255
C |	294	427	357	615	0	915	1000	15	0	576	607	313	364
G |	157	68	75	12	0	0	0	0	0	0	0	77	82
T |	297	400	432	275	0	0	0	668	0	3	368	391	299
>AT5G62380	
A |	78	117	180	20	0	0	170	301	354	265	194	204	15	1000	409	0	52	441	703	142	210
C |	0	25	72	980	0	0	174	179	85	189	215	127	397	0	591	0	466	180	0	441	481
G |	3	67	683	0	292	0	553	112	230	189	129	184	90	0	0	912	55	5	7	92	150
T |	918	791	65	0	708	1000	104	409	331	357	462	486	497	0	0	88	427	374	290	326	159
>AT5G62470	
A |	315	334	419	304	168	60	411	12	22	23	210	91	128	463	84	84	32	280
C |	107	87	59	22	35	163	52	0	7	10	0	17	134	59	13	20	17	47
G |	243	285	240	421	487	79	295	968	364	0	748	822	183	297	903	238	69	560
T |	334	294	282	253	310	698	242	20	607	966	42	70	555	181	0	658	883	112
>AT5G63090	
A |	241	77	59	141	9	26	92	28	211	269	110	150	147	98	45	23	9	73	106	80	274
C |	87	710	825	30	859	972	5	674	551	10	503	613	79	778	918	0	747	822	7	517	400
G |	222	49	2	560	96	2	695	99	54	372	63	5	353	35	3	885	201	12	789	199	126
T |	450	164	113	269	37	0	208	199	183	349	325	232	422	89	33	92	44	92	98	204	201
>AT5G64060	
A |	205	375	428	772	752	0	2	0	8	205	218	212	417	335	20	1000	817	3	110	255	757
C |	117	53	7	0	5	997	5	2	42	267	108	168	192	238	895	0	183	0	225	298	15
G |	565	427	15	215	217	2	167	0	927	263	277	398	108	260	42	0	0	977	157	18	65
T |	113	145	550	13	27	2	827	998	23	265	397	222	283	167	43	0	0	20	508	428	163
>AT5G64220	
A |	313	327	393	220	26	18	31	8	7
C |	203	237	121	438	955	11	682	7	11
G |	220	176	243	306	8	970	7	970	54
T |	264	260	243	36	11	1	280	15	928
>AT5G64750	
A |	203	242	233	167	302	395	375	422	172	98	250	3	0	0	7	8	55	327	110
C |	95	125	383	107	132	248	43	30	162	25	45	983	0	20	973	17	175	497	60
G |	528	468	160	513	475	132	310	322	23	513	668	0	997	980	0	917	742	50	702
T |	173	165	223	213	92	225	272	227	643	363	37	13	3	0	20	58	28	127	128
>AT5G65310	
A |	242	62	1000	1000	0	613	1000	0	73	295	482
C |	264	614	0	0	0	364	0	0	10	154	85
G |	147	0	0	0	0	5	0	0	88	369	189
T |	347	324	0	0	1000	18	0	1000	828	182	244
>AT5G65410	
A |	247	355	533	15	0	1000	1000	0	0	968	343	203	312	262	297
C |	182	305	192	432	0	0	0	10	277	13	280	242	227	128	107
G |	72	122	220	13	0	0	0	5	47	15	73	352	97	88	95
T |	500	218	55	540	1000	0	0	985	677	3	303	203	365	522	502
>AT5G65510	
A |	20	212	338	421	160	173	61	0	247	959	59
C |	955	32	191	85	74	462	571	1000	33	0	11
G |	2	705	293	56	20	4	0	0	655	0	748
T |	22	52	178	438	746	362	367	0	65	41	182
>AT5G66300	
A |	17	0	0	418	403	476	350	347	403	105	998	820	0	85	855	971
C |	983	0	0	66	218	99	180	201	102	478	2	180	0	723	26	0
G |	0	446	0	493	156	235	250	139	160	269	0	0	993	65	9	0
T |	0	554	1000	22	223	190	219	313	335	148	0	0	7	128	111	29
>AT5G66730	
A |	321	599	227	691	857	688	923	278	7	1000	0	986	991	954	804	522	478
C |	317	97	282	17	0	43	39	594	0	0	1000	0	0	14	55	147	121
G |	106	206	357	73	0	128	29	101	993	0	0	14	9	29	39	116	101
T |	256	97	135	218	143	142	9	27	0	0	0	0	0	3	102	215	300
>AT5G67300	
A |	295	337	310	425	44	295	13	2	25	655	433	278	410	63	293	0	0	15	479
C |	100	100	31	42	753	297	6	2	10	0	46	19	38	682	360	0	0	19	21
G |	287	123	324	205	6	341	981	165	2	67	65	203	111	6	264	985	211	0	268
T |	318	439	335	328	197	67	0	831	962	278	456	500	441	249	84	15	789	967	232
>AT5G67450	
A |	419	148	351	143	413	104	998	0	0	12	468
C |	60	158	22	34	65	270	0	119	0	0	0
G |	237	451	131	703	84	378	2	881	0	988	109
T |	284	243	497	121	438	248	0	0	1000	0	423
>AT5G67580	
A |	465	484	458	414	299	208	528	661	586	73	0	0	0	1000	844	334	166	252	245
C |	184	133	159	199	259	140	16	5	0	927	1000	1000	0	0	0	152	205	240	259
G |	119	119	101	82	75	133	150	2	414	0	0	0	0	0	152	21	44	103	154
T |	233	264	281	304	367	519	306	332	0	0	0	0	1000	0	3	493	586	406	343
